Testing Metrices-1-Dataset- 1
                 MRFO       BWO        RF  Proposed
Accuracy     0.797251  0.807065  0.815912  0.924373
Precision    0.790689  0.800431  0.856222  0.909217
Sensitivity  0.803955  0.813861  0.772898  0.947786
Specificity  0.790636  0.800359  0.858357  0.901515
F-Measure    0.772410  0.781928  0.788550  0.874926
MCC          0.838245  0.842665  0.808030  0.954742
NPV          0.803946  0.813834  0.783153  0.893994
FPR          0.019744  0.024647  0.019691  0.004406
FNR          0.003460  0.009367  0.004077  0.006225
Testing Metrices-2-Dataset- 1
                 MRFO       BWO        RF  Proposed
Accuracy     0.836210  0.804317  0.833437  0.907352
Precision    0.800991  0.797706  0.874612  0.892476
Sensitivity  0.878939  0.811090  0.789499  0.930334
Specificity  0.794046  0.797634  0.876792  0.884916
F-Measure    0.811070  0.779265  0.805487  0.858817
MCC          0.841810  0.839795  0.825385  0.935321
NPV          0.878395  0.811062  0.799974  0.877533
FPR          0.025089  0.024564  0.020114  0.005848
FNR          0.006721  0.009335  0.004165  0.007106
Testing Metrices-3-Dataset- 1
                 MRFO       BWO        RF  Proposed
Accuracy     0.816428  0.840874  0.810414  0.981500
Precision    0.856763  0.833962  0.803743  0.965408
Sensitivity  0.773387  0.847954  0.817228  0.998360
Specificity  0.858899  0.833887  0.803689  0.957229
F-Measure    0.789048  0.814683  0.785163  0.928998
MCC          0.808541  0.877964  0.852085  0.999926
NPV          0.783648  0.847925  0.817219  0.949244
FPR          0.019704  0.025680  0.021152  0.004679
FNR          0.004080  0.009759  0.003707  0.006610
Comparison Metrices-Dataset- 1
                  CNN       RNN      LSTM       SVM        NB        RF  Proposed
Accuracy     0.789252  0.820548  0.817826  0.801136  0.825124  0.810414  0.981500
Precision    0.782765  0.785988  0.858231  0.840716  0.818342  0.803743  0.965408
Sensitivity  0.795898  0.862477  0.774711  0.758901  0.832072  0.817228  0.998360
Specificity  0.782694  0.779174  0.860370  0.842811  0.818268  0.803689  0.957229
F-Measure    0.764670  0.795879  0.790400  0.774269  0.799424  0.785163  0.928998
MCC          0.824066  0.826043  0.809926  0.793397  0.861520  0.852085  0.999926
NPV          0.795871  0.861943  0.784990  0.768970  0.832044  0.817219  0.949244
FPR          0.024103  0.024619  0.019737  0.019335  0.025199  0.021152  0.004679
FNR          0.009160  0.006595  0.004087  0.004003  0.009576  0.003707  0.006610
Testing Metrices-1-Dataset- 2
                 MRFO       BWO        RF  Proposed
Accuracy     0.880788  0.890060  0.843702  0.953253
Precision    0.880788  0.890060  0.843702  0.923421
Sensitivity  0.880788  0.890060  0.843702  0.950135
Specificity  0.880788  0.890060  0.843702  0.941212
F-Measure    0.853547  0.862532  0.817608  0.895200
MCC          0.445068  0.364258  0.276068  0.973291
NPV          0.880788  0.890060  0.843702  0.941732
FPR          0.196093  0.197138  0.187065  0.042507
FNR          0.157770  0.176377  0.207800  0.016599
Testing Metrices-2-Dataset- 2
                 MRFO       BWO        RF  Proposed
Accuracy     0.879320  0.854939  0.888675  0.964133
Precision    0.877761  0.854939  0.887099  0.964133
Sensitivity  0.880788  0.854939  0.890158  0.964133
Specificity  0.877947  0.854939  0.887287  0.954133
F-Measure    0.852033  0.828497  0.861097  0.905418
MCC          0.346123  0.297954  0.447215  0.928154
NPV          0.880788  0.854939  0.890158  0.986346
FPR          0.189704  0.170207  0.234702  0.031612
FNR          0.227294  0.242199  0.216102  0.091303
Testing Metrices-3-Dataset- 2
                 MRFO       BWO        RF  Proposed
Accuracy     0.853343  0.858452  0.878892  0.982736
Precision    0.899331  0.899331  0.890154  0.880480
Sensitivity  0.818391  0.827385  0.872351  0.992874
Specificity  0.899331  0.899331  0.887498  0.959509
F-Measure    0.831662  0.836281  0.854177  0.989405
MCC          0.862998  0.872876  0.912806  0.869119
NPV          0.804108  0.813680  0.864741  0.994119
FPR          0.019473  0.023294  0.022199  0.023335
FNR          0.091602  0.081424  0.030534  0.008795
Comparison Metrices-Dataset- 2
                  CNN       RNN      LSTM       SVM        NB        RF  Proposed
Accuracy     0.842374  0.837359  0.862430  0.837359  0.842374  0.878892  0.982736
Precision    0.882487  0.882487  0.873482  0.882487  0.882487  0.890154  0.880480
Sensitivity  0.811888  0.803063  0.856012  0.803063  0.811888  0.872351  0.992874
Specificity  0.882487  0.882487  0.870875  0.882487  0.882487  0.887498  0.959509
F-Measure    0.820618  0.816085  0.838178  0.816085  0.820618  0.854177  0.989405
MCC          0.856527  0.846834  0.895709  0.846834  0.856527  0.912806  0.869119
NPV          0.798440  0.789047  0.848545  0.789047  0.798440  0.864741  0.994119
FPR          0.022858  0.019108  0.021783  0.019108  0.022858  0.022199  0.023335
FNR          0.079899  0.089887  0.029962  0.089887  0.079899  0.030534  0.008795