Testing Metrices-1-Dataset- 1
                 MRFO       BWO        RF  Proposed
Accuracy     0.797251  0.807065  0.815912  0.943423
Precision    0.790689  0.800431  0.856222  0.883059
Sensitivity  0.803955  0.813861  0.772898  0.913977
Specificity  0.790636  0.800359  0.858357  0.959589
F-Measure    0.772410  0.781928  0.788550  0.958152
MCC          0.838245  0.842665  0.808030  0.890756
NPV          0.803946  0.813834  0.783153  0.961250
FPR          0.019744  0.024647  0.019691  0.005951
FNR          0.003460  0.009367  0.004077  0.002109
Testing Metrices-2-Dataset- 1
                 MRFO       BWO        RF  Proposed
Accuracy     0.836210  0.804317  0.833437  0.928568
Precision    0.800991  0.797706  0.874612  0.869154
Sensitivity  0.878939  0.811090  0.789499  0.964354
Specificity  0.794046  0.797634  0.876792  0.947628
F-Measure    0.811070  0.779265  0.805487  0.844639
MCC          0.841810  0.839795  0.825385  0.939865
NPV          0.878395  0.811062  0.799974  0.908793
FPR          0.025089  0.024564  0.020114  0.008587
FNR          0.006721  0.009335  0.004165  0.001563
Testing Metrices-3-Dataset- 1
                 MRFO       BWO        RF  Proposed
Accuracy     0.816428  0.840874  0.810414  0.996100
Precision    0.856763  0.833962  0.803743  0.962365
Sensitivity  0.773387  0.847954  0.817228  0.985729
Specificity  0.858899  0.833887  0.803689  0.928641
F-Measure    0.789048  0.814683  0.785163  0.918865
MCC          0.808541  0.877964  0.852085  0.974741
NPV          0.783648  0.847925  0.817219  0.913404
FPR          0.019704  0.025680  0.021152  0.001765
FNR          0.004080  0.009759  0.003707  0.015386
Comparison Metrices-Dataset- 1
                  CNN       RNN      LSTM       SVM        NB        RF  Proposed
Accuracy     0.789252  0.820548  0.817826  0.801136  0.825124  0.810414  0.996100
Precision    0.782765  0.785988  0.858231  0.840716  0.818342  0.803743  0.962365
Sensitivity  0.795898  0.862477  0.774711  0.758901  0.832072  0.817228  0.985729
Specificity  0.782694  0.779174  0.860370  0.842811  0.818268  0.803689  0.928641
F-Measure    0.764670  0.795879  0.790400  0.774269  0.799424  0.785163  0.918865
MCC          0.824066  0.826043  0.809926  0.793397  0.861520  0.852085  0.974741
NPV          0.795871  0.861943  0.784990  0.768970  0.832044  0.817219  0.913404
FPR          0.024103  0.024619  0.019737  0.019335  0.025199  0.021152  0.001765
FNR          0.009160  0.006595  0.004087  0.004003  0.009576  0.003707  0.015386
Testing Metrices-1-Dataset- 2
                 MRFO       BWO        RF  Proposed
Accuracy     0.880788  0.890060  0.843702  0.973324
Precision    0.880788  0.890060  0.843702  0.917087
Sensitivity  0.880788  0.890060  0.843702  0.993933
Specificity  0.880788  0.890060  0.843702  0.957944
F-Measure    0.853547  0.862532  0.817608  0.893899
MCC          0.445068  0.364258  0.276068  0.980423
NPV          0.880788  0.890060  0.843702  0.933469
FPR          0.196093  0.197138  0.187065  0.011914
FNR          0.157770  0.176377  0.207800  0.003161
Testing Metrices-2-Dataset- 2
                 MRFO       BWO        RF  Proposed
Accuracy     0.879320  0.854939  0.888675  0.989253
Precision    0.877761  0.854939  0.887099  0.961114
Sensitivity  0.880788  0.854939  0.890158  0.998787
Specificity  0.877947  0.854939  0.887287  0.972804
F-Measure    0.852033  0.828497  0.861097  0.881892
MCC          0.346123  0.297954  0.447215  0.982299
NPV          0.880788  0.854939  0.890158  0.977928
FPR          0.189704  0.170207  0.234702  0.001211
FNR          0.227294  0.242199  0.216102  0.032126
Testing Metrices-3-Dataset- 2
                 MRFO       BWO        RF  Proposed
Accuracy     0.853343  0.858452  0.878892  0.995214
Precision    0.899331  0.899331  0.890154  0.996363
Sensitivity  0.818391  0.827385  0.872351  0.921468
Specificity  0.899331  0.899331  0.887498  0.928364
F-Measure    0.831662  0.836281  0.854177  0.951754
MCC          0.862998  0.872876  0.912806  0.929061
NPV          0.804108  0.813680  0.864741  0.940334
FPR          0.019473  0.023294  0.022199  0.001218
FNR          0.091602  0.081424  0.030534  0.082319
Comparison Metrices-Dataset- 2
                  CNN       RNN      LSTM       SVM        NB        RF  Proposed
Accuracy     0.842374  0.837359  0.862430  0.837359  0.842374  0.878892  0.995214
Precision    0.882487  0.882487  0.873482  0.882487  0.882487  0.890154  0.996363
Sensitivity  0.811888  0.803063  0.856012  0.803063  0.811888  0.872351  0.921468
Specificity  0.882487  0.882487  0.870875  0.882487  0.882487  0.887498  0.928364
F-Measure    0.820618  0.816085  0.838178  0.816085  0.820618  0.854177  0.951754
MCC          0.856527  0.846834  0.895709  0.846834  0.856527  0.912806  0.929061
NPV          0.798440  0.789047  0.848545  0.789047  0.798440  0.864741  0.940334
FPR          0.022858  0.019108  0.021783  0.019108  0.022858  0.022199  0.001218
FNR          0.079899  0.089887  0.029962  0.089887  0.079899  0.030534  0.082319