Testing-Matrices-Dataset-1-60/40
0.935634
0.927850
0.900334
0.927845
0.908259
0.934472
0.899422
0.013171
0.009360

Testing-Matrices-Dataset-1-70/30
0.892153
0.877527
0.914750
0.870093
0.844431
0.917979
0.862834
0.011575
0.008699

Testing-Matrices-Dataset-1-80/20
0.971958
0.956023
0.996577
0.947924
0.919967
0.949039
0.940016
0.010463
0.008655

Comparison Matrices-Dataset-1
0.971958
0.956023
0.996577
0.947924
0.919967
0.949039
0.940016
0.010463
0.008655

Testing-Matrices-Dataset-2-60/40
0.936732
0.873421
0.906335
0.921231
0.879685
0.851501
0.890747
0.041770
0.014578

Testing-Matrices-Dataset-1-70/30
0.953722
0.943231
0.884732
0.837644
0.895641
0.826770
0.957337
0.031271
0.088157

Testing-Matrices-Dataset-2-80/20
0.977763
0.876025
0.987850
0.715868
0.933639
0.864721
0.999037
0.033181
0.018750

Comparison Metrices-Dataset-2
0.977763
0.876025
0.987850
0.715868
0.933639
0.864721
0.999037
0.033181
0.018750